UVES_popler : Version 1.05 UPL (v1.05 code) : 2021-05-03:23:33:47(UTC+1000) : mmurphy

General spectrum specifications:
 combmeth = 0
 disp =    0.400000000000
 filetype = 10
 helio = 0
 vacwl = 0
 zem =  1.7100000
 linear = 0
 thar = 0
Initial sigma-clipping of orders:
 nordclip = 3
 nordsig = 35
 ordsig =    4.0000
 ordsignbr =    2.0000
 ordsigzero =    3.0000
 ordmedfrac =    0.1000
 ordmedrej =    0.0500
Spectrum/order combination parameters:
 clipsig =    2.5000
 lrgerr =    2.5000
 rankspec = 0
 scalmeth = 1
 scalclip =    3.0000
 scalerr =    0.2000
 nscalclip = 5
Order continuum fitting method parameters:
 contftyp = 2
 contord = 4
 contpctl =    0.1000
 contsigl =    1.4000
 contsigu =    3.0000
 contwgt = 500
Combined spectrum continuum fitting method parameters:
 cordlya = 4
 cordred = 6
 ftyplya = 2
 ftypred = 2
 nocont = 0
 pctllya =    0.3000
 pctlred =    0.3000
 rsiglyal =    1.2000
 rsiglyau =    3.0000
 rsigredl =    1.4000
 rsigredu =    3.0000
 vclya = 20000.0000
 vcred = 1200.0000
 vlya = 5000.0000
Data file options:
 dat = 0
 raw = 0
 save = 0
 distort = 0

Number_of_spectra = 17
001_PATH = /Users/mmurphy/data0/ESPRESSO/HE0515-4415/DRS_v1.5_CRH/
 001_FLUX = ESPRESSO_LFC_WITH_CRH_S2D_SKYSUB_A_2018-11-04T07:00.fits
 001_ERRO = ESPRESSO_LFC_WITH_CRH_S2D_SKYSUB_A_2018-11-04T07:00.fits
 001_WPOL = ESPRESSO_LFC_WITH_CRH_S2D_SKYSUB_A_2018-11-04T07:00.fits
 001_VSHT = 0.000000 0.000000 0.000000
 001_DTRT = -1589948142
002_PATH = /Users/mmurphy/data0/ESPRESSO/HE0515-4415/DRS_v1.5_CRH/
 002_FLUX = ESPRESSO_LFC_WITH_CRH_S2D_SKYSUB_A_2018-11-05T03:36.fits
 002_ERRO = ESPRESSO_LFC_WITH_CRH_S2D_SKYSUB_A_2018-11-05T03:36.fits
 002_WPOL = ESPRESSO_LFC_WITH_CRH_S2D_SKYSUB_A_2018-11-05T03:36.fits
 002_VSHT = 0.000000 0.000000 0.000000
 002_DTRT = -1589948141
003_PATH = /Users/mmurphy/data0/ESPRESSO/HE0515-4415/DRS_v1.5_CRH/
 003_FLUX = ESPRESSO_LFC_WITH_CRH_S2D_SKYSUB_A_2018-11-05T04:37.fits
 003_ERRO = ESPRESSO_LFC_WITH_CRH_S2D_SKYSUB_A_2018-11-05T04:37.fits
 003_WPOL = ESPRESSO_LFC_WITH_CRH_S2D_SKYSUB_A_2018-11-05T04:37.fits
 003_VSHT = 0.000000 0.000000 0.000000
 003_DTRT = -1589948140
004_PATH = /Users/mmurphy/data0/ESPRESSO/HE0515-4415/DRS_v1.5_CRH/
 004_FLUX = ESPRESSO_LFC_WITH_CRH_S2D_SKYSUB_A_2018-11-05T05:38.fits
 004_ERRO = ESPRESSO_LFC_WITH_CRH_S2D_SKYSUB_A_2018-11-05T05:38.fits
 004_WPOL = ESPRESSO_LFC_WITH_CRH_S2D_SKYSUB_A_2018-11-05T05:38.fits
 004_VSHT = 0.000000 0.000000 0.000000
 004_DTRT = -1589948139
005_PATH = /Users/mmurphy/data0/ESPRESSO/HE0515-4415/DRS_v1.5_CRH/
 005_FLUX = ESPRESSO_LFC_WITH_CRH_S2D_SKYSUB_A_2018-11-05T06:39.fits
 005_ERRO = ESPRESSO_LFC_WITH_CRH_S2D_SKYSUB_A_2018-11-05T06:39.fits
 005_WPOL = ESPRESSO_LFC_WITH_CRH_S2D_SKYSUB_A_2018-11-05T06:39.fits
 005_VSHT = 0.000000 0.000000 0.000000
 005_DTRT = -1589948138
006_PATH = /Users/mmurphy/data0/ESPRESSO/HE0515-4415/DRS_v1.5_CRH/
 006_FLUX = ESPRESSO_LFC_WITH_CRH_S2D_SKYSUB_A_2018-11-05T07:40.fits
 006_ERRO = ESPRESSO_LFC_WITH_CRH_S2D_SKYSUB_A_2018-11-05T07:40.fits
 006_WPOL = ESPRESSO_LFC_WITH_CRH_S2D_SKYSUB_A_2018-11-05T07:40.fits
 006_VSHT = 0.000000 0.000000 0.000000
 006_DTRT = -1589948137
007_PATH = /Users/mmurphy/data0/ESPRESSO/HE0515-4415/DRS_v1.5_CRH/
 007_FLUX = ESPRESSO_LFC_WITH_CRH_S2D_SKYSUB_A_2018-11-07T05:21.fits
 007_ERRO = ESPRESSO_LFC_WITH_CRH_S2D_SKYSUB_A_2018-11-07T05:21.fits
 007_WPOL = ESPRESSO_LFC_WITH_CRH_S2D_SKYSUB_A_2018-11-07T05:21.fits
 007_VSHT = 0.000000 0.000000 0.000000
 007_DTRT = -1589948136
008_PATH = /Users/mmurphy/data0/ESPRESSO/HE0515-4415/DRS_v1.5_CRH/
 008_FLUX = ESPRESSO_LFC_WITH_CRH_S2D_SKYSUB_A_2018-11-07T06:22.fits
 008_ERRO = ESPRESSO_LFC_WITH_CRH_S2D_SKYSUB_A_2018-11-07T06:22.fits
 008_WPOL = ESPRESSO_LFC_WITH_CRH_S2D_SKYSUB_A_2018-11-07T06:22.fits
 008_VSHT = 0.000000 0.000000 0.000000
 008_DTRT = -1589948135
009_PATH = /Users/mmurphy/data0/ESPRESSO/HE0515-4415/DRS_v1.5_CRH/
 009_FLUX = ESPRESSO_LFC_WITH_CRH_S2D_SKYSUB_A_2018-11-07T07:27.fits
 009_ERRO = ESPRESSO_LFC_WITH_CRH_S2D_SKYSUB_A_2018-11-07T07:27.fits
 009_WPOL = ESPRESSO_LFC_WITH_CRH_S2D_SKYSUB_A_2018-11-07T07:27.fits
 009_VSHT = 0.000000 0.000000 0.000000
 009_DTRT = -1589948134
010_PATH = /Users/mmurphy/data0/ESPRESSO/HE0515-4415/DRS_v1.5_CRH/
 010_FLUX = ESPRESSO_LFC_WITH_CRH_S2D_SKYSUB_A_2019-11-26T06:53.fits
 010_ERRO = ESPRESSO_LFC_WITH_CRH_S2D_SKYSUB_A_2019-11-26T06:53.fits
 010_WPOL = ESPRESSO_LFC_WITH_CRH_S2D_SKYSUB_A_2019-11-26T06:53.fits
 010_VSHT = 0.000000 0.000000 0.000000
 010_DTRT = -1589948133
011_PATH = /Users/mmurphy/data0/ESPRESSO/HE0515-4415/DRS_v1.5_CRH/
 011_FLUX = ESPRESSO_LFC_WITH_CRH_S2D_SKYSUB_A_2020-02-28T01:14.fits
 011_ERRO = ESPRESSO_LFC_WITH_CRH_S2D_SKYSUB_A_2020-02-28T01:14.fits
 011_WPOL = ESPRESSO_LFC_WITH_CRH_S2D_SKYSUB_A_2020-02-28T01:14.fits
 011_VSHT = 0.000000 0.000000 0.000000
 011_DTRT = -1589948132
012_PATH = /Users/mmurphy/data0/ESPRESSO/HE0515-4415/DRS_v1.5_CRH/
 012_FLUX = ESPRESSO_LFC_WITH_CRH_S2D_SKYSUB_A_2020-02-28T01:33.fits
 012_ERRO = ESPRESSO_LFC_WITH_CRH_S2D_SKYSUB_A_2020-02-28T01:33.fits
 012_WPOL = ESPRESSO_LFC_WITH_CRH_S2D_SKYSUB_A_2020-02-28T01:33.fits
 012_VSHT = 0.000000 0.000000 0.000000
 012_DTRT = -1589948131
013_PATH = /Users/mmurphy/data0/ESPRESSO/HE0515-4415/DRS_v1.5_CRH/
 013_FLUX = ESPRESSO_LFC_WITH_CRH_S2D_SKYSUB_A_2020-02-28T02:34.fits
 013_ERRO = ESPRESSO_LFC_WITH_CRH_S2D_SKYSUB_A_2020-02-28T02:34.fits
 013_WPOL = ESPRESSO_LFC_WITH_CRH_S2D_SKYSUB_A_2020-02-28T02:34.fits
 013_VSHT = 0.000000 0.000000 0.000000
 013_DTRT = -1589948130
014_PATH = /Users/mmurphy/data0/ESPRESSO/HE0515-4415/DRS_v1.5_CRH/
 014_FLUX = ESPRESSO_LFC_WITH_CRH_S2D_SKYSUB_A_2020-03-03T00:34.fits
 014_ERRO = ESPRESSO_LFC_WITH_CRH_S2D_SKYSUB_A_2020-03-03T00:34.fits
 014_WPOL = ESPRESSO_LFC_WITH_CRH_S2D_SKYSUB_A_2020-03-03T00:34.fits
 014_VSHT = 0.000000 0.000000 0.000000
 014_DTRT = -1589948129
015_PATH = /Users/mmurphy/data0/ESPRESSO/HE0515-4415/DRS_v1.5_CRH/
 015_FLUX = ESPRESSO_LFC_WITH_CRH_S2D_SKYSUB_A_2020-03-19T02:34.fits
 015_ERRO = ESPRESSO_LFC_WITH_CRH_S2D_SKYSUB_A_2020-03-19T02:34.fits
 015_WPOL = ESPRESSO_LFC_WITH_CRH_S2D_SKYSUB_A_2020-03-19T02:34.fits
 015_VSHT = 0.000000 0.000000 0.000000
 015_DTRT = -1589948128
016_PATH = /Users/mmurphy/data0/ESPRESSO/HE0515-4415/DRS_v1.5_CRH/
 016_FLUX = ESPRESSO_LFC_WITH_CRH_S2D_SKYSUB_A_2020-03-20T01:41.fits
 016_ERRO = ESPRESSO_LFC_WITH_CRH_S2D_SKYSUB_A_2020-03-20T01:41.fits
 016_WPOL = ESPRESSO_LFC_WITH_CRH_S2D_SKYSUB_A_2020-03-20T01:41.fits
 016_VSHT = 0.000000 0.000000 0.000000
 016_DTRT = -1589948127
017_PATH = /Users/mmurphy/data0/ESPRESSO/HE0515-4415/DRS_v1.5_CRH/
 017_FLUX = ESPRESSO_LFC_WITH_CRH_S2D_SKYSUB_A_2020-03-21T01:39.fits
 017_ERRO = ESPRESSO_LFC_WITH_CRH_S2D_SKYSUB_A_2020-03-21T01:39.fits
 017_WPOL = ESPRESSO_LFC_WITH_CRH_S2D_SKYSUB_A_2020-03-21T01:39.fits
 017_VSHT = 0.000000 0.000000 0.000000
 017_DTRT = -1589948126

Number_of_actions = 2781
001_ACTN = 1  001_RCMB = 0
 001_CORD =  6013.63623047  6013.71142578 -8183817216.00000000 7309710848.00000000
 001_SPEC = 2  001_ORDR = 122
002_ACTN = 1  002_RCMB = 0
 002_CORD =  6013.66503906  6013.69873047 -8703965.00000000 6315078.50000000
 002_SPEC = 4  002_ORDR = 121
003_ACTN = 1  003_RCMB = 0
 003_CORD =  6013.39648438  6013.49023438 -525782048.00000000 771519680.00000000
 003_SPEC = 4  003_ORDR = 121
004_ACTN = 5  004_RCMB = 0
 004_CORD =  5525.48315312  5558.29895427  5525.49052553  5556.57866425
 004_SPEC = 2  004_ORDR = 106  004_FTYP = 2  004_FORD = 5  004_REJL =  1.40  004_REJU =  3.00  004_NXYP = 3
  004_XY_001 = 0   5542.11621094   5544.12353516  -40779.31640625  1649595.00000000
  004_XY_002 = 0   5553.10937500   5554.83007812  -31318.26562500  1646441.25000000
  004_XY_003 = 0   5554.94921875   5556.57470703  -59701.41406250  1696900.25000000
005_ACTN = 5  005_RCMB = 0
 005_CORD =  5525.48315312  5558.29895427  5525.49052553  5556.57866425
 005_SPEC = 1  005_ORDR = 106  005_FTYP = 2  005_FORD = 5  005_REJL =  1.40  005_REJU =  3.00  005_NXYP = 3
  005_XY_001 = 0   5554.94921875   5556.57470703  -59701.41406250  1696900.25000000
  005_XY_002 = 0   5553.10937500   5554.83007812  -31318.26562500  1646441.25000000
  005_XY_003 = 0   5542.11621094   5544.12353516  -40779.31640625  1649595.00000000
006_ACTN = 5  006_RCMB = 0
 006_CORD =  5525.48315312  5558.29895427  5525.49052553  5556.57866425
 006_SPEC = 4  006_ORDR = 106  006_FTYP = 2  006_FORD = 5  006_REJL =  1.40  006_REJU =  3.00  006_NXYP = 3
  006_XY_001 = 0   5542.11621094   5544.12353516  -40779.31640625  1649595.00000000
  006_XY_002 = 0   5553.10937500   5554.83007812  -31318.26562500  1646441.25000000
  006_XY_003 = 0   5554.94921875   5556.57470703  -59701.41406250  1696900.25000000
007_ACTN = 5  007_RCMB = 0
 007_CORD =  5525.48315312  5558.29895427  5525.49052553  5556.57866425
 007_SPEC = 3  007_ORDR = 106  007_FTYP = 2  007_FORD = 5  007_REJL =  1.40  007_REJU =  3.00  007_NXYP = 3
  007_XY_001 = 0   5554.94921875   5556.57470703  -59701.41406250  1696900.25000000
  007_XY_002 = 0   5553.10937500   5554.83007812  -31318.26562500  1646441.25000000
  007_XY_003 = 0   5542.11621094   5544.12353516  -40779.31640625  1649595.00000000
008_ACTN = 5  008_RCMB = 0
 008_CORD =  5525.48315312  5558.29895427  5525.49052553  5556.57866425
 008_SPEC = 5  008_ORDR = 106  008_FTYP = 2  008_FORD = 5  008_REJL =  1.40  008_REJU =  3.00  008_NXYP = 3
  008_XY_001 = 0   5542.11621094   5544.12353516  -40779.31640625  1649595.00000000
  008_XY_002 = 0   5553.10937500   5554.83007812  -31318.26562500  1646441.25000000
  008_XY_003 = 0   5554.94921875   5556.57470703  -59701.41406250  1696900.25000000
009_ACTN = 5  009_RCMB = 0
 009_CORD =  5525.48315312  5558.29895427  5525.49052553  5556.57866425
 009_SPEC = 4  009_ORDR = 105  009_FTYP = 2  009_FORD = 5  009_REJL =  1.40  009_REJU =  3.00  009_NXYP = 3
  009_XY_001 = 0   5554.94921875   5556.57470703  -59701.41406250  1696900.25000000
  009_XY_002 = 0   5553.10937500   5554.83007812  -31318.26562500  1646441.25000000
  009_XY_003 = 0   5542.11621094   5544.12353516  -40779.31640625  1649595.00000000
010_ACTN = 5  010_RCMB = 0
 010_CORD =  5525.48315312  5558.29895427  5525.49052553  5556.57866425
 010_SPEC = 5  010_ORDR = 105  010_FTYP = 2  010_FORD = 5  010_REJL =  1.40  010_REJU =  3.00  010_NXYP = 3
  010_XY_001 = 0   5542.11621094   5544.12353516  -40779.31640625  1649595.00000000
  010_XY_002 = 0   5553.10937500   5554.83007812  -31318.26562500  1646441.25000000
  010_XY_003 = 0   5554.94921875   5556.57470703  -59701.41406250  1696900.25000000
011_ACTN = 5  011_RCMB = 0
 011_CORD =  5525.47578072  5558.29895427  5525.48315312  5556.57866425
 011_SPEC = 6  011_ORDR = 106  011_FTYP = 2  011_FORD = 5  011_REJL =  1.40  011_REJU =  3.00  011_NXYP = 3
  011_XY_001 = 0   5554.94921875   5556.57470703  -59701.41406250  1696900.25000000
  011_XY_002 = 0   5553.10937500   5554.83007812  -31318.26562500  1646441.25000000
  011_XY_003 = 0   5542.11621094   5544.12353516  -40779.31640625  1649595.00000000
012_ACTN = 5  012_RCMB = 0
 012_CORD =  5525.47578072  5558.29895427  5525.48315312  5556.57866425
 012_SPEC = 7  012_ORDR = 106  012_FTYP = 2  012_FORD = 5  012_REJL =  1.40  012_REJU =  3.00  012_NXYP = 3
  012_XY_001 = 0   5542.11621094   5544.12353516  -40779.31640625  1649595.00000000
  012_XY_002 = 0   5553.10937500   5554.83007812  -31318.26562500  1646441.25000000
  012_XY_003 = 0   5554.94921875   5556.57470703  -59701.41406250  1696900.25000000
013_ACTN = 5  013_RCMB = 0
 013_CORD =  5525.48315312  5558.29895427  5525.49052553  5556.57866425
 013_SPEC = 2  013_ORDR = 105  013_FTYP = 2  013_FORD = 5  013_REJL =  1.40  013_REJU =  3.00  013_NXYP = 3
  013_XY_001 = 0   5554.94921875   5556.57470703  -59701.41406250  1696900.25000000
  013_XY_002 = 0   5553.10937500   5554.83007812  -31318.26562500  1646441.25000000
  013_XY_003 = 0   5542.11621094   5544.12353516  -40779.31640625  1649595.00000000
014_ACTN = 5  014_RCMB = 0
 014_CORD =  5525.48315312  5558.29895427  5525.49052553  5556.57866425
 014_SPEC = 1  014_ORDR = 105  014_FTYP = 2  014_FORD = 5  014_REJL =  1.40  014_REJU =  3.00  014_NXYP = 3
  014_XY_001 = 0   5542.11621094   5544.12353516  -40779.31640625  1649595.00000000
  014_XY_002 = 0   5553.10937500   5554.83007812  -31318.26562500  1646441.25000000
  014_XY_003 = 0   5554.94921875   5556.57470703  -59701.41406250  1696900.25000000
015_ACTN = 5  015_RCMB = 0
 015_CORD =  5525.48315312  5558.29895427  5525.49052553  5556.57866425
 015_SPEC = 3  015_ORDR = 105  015_FTYP = 2  015_FORD = 5  015_REJL =  1.40  015_REJU =  3.00  015_NXYP = 3
  015_XY_001 = 0   5554.94921875   5556.57470703  -59701.41406250  1696900.25000000
  015_XY_002 = 0   5553.10937500   5554.83007812  -31318.26562500  1646441.25000000
  015_XY_003 = 0   5542.11621094   5544.12353516  -40779.31640625  1649595.00000000
016_ACTN = 5  016_RCMB = 0
 016_CORD =  5525.47578072  5558.29895427  5525.48315312  5556.57866425
 016_SPEC = 8  016_ORDR = 106  016_FTYP = 2  016_FORD = 5  016_REJL =  1.40  016_REJU =  3.00  016_NXYP = 3
  016_XY_001 = 0   5542.11621094   5544.12353516  -40779.31640625  1649595.00000000
  016_XY_002 = 0   5553.10937500   5554.83007812  -31318.26562500  1646441.25000000
  016_XY_003 = 0   5554.94921875   5556.57470703  -59701.41406250  1696900.25000000
017_ACTN = 5  017_RCMB = 0
 017_CORD =  5525.48315312  5558.29895427  5525.49052553  5556.57866425
 017_SPEC = 6  017_ORDR = 105  017_FTYP = 2  017_FORD = 5  017_REJL =  1.40  017_REJU =  3.00  017_NXYP = 3
  017_XY_001 = 0   5554.94921875   5556.57470703  -59701.41406250  1696900.25000000
  017_XY_002 = 0   5553.10937500   5554.83007812  -31318.26562500  1646441.25000000
  017_XY_003 = 0   5542.11621094   5544.12353516  -40779.31640625  1649595.00000000
018_ACTN = 5  018_RCMB = 0
 018_CORD =  5525.47578072  5558.29895427  5525.48315312  5556.57866425
 018_SPEC = 9  018_ORDR = 105  018_FTYP = 2  018_FORD = 5  018_REJL =  1.40  018_REJU =  3.00  018_NXYP = 3
  018_XY_001 = 0   5542.11621094   5544.12353516  -40779.31640625  1649595.00000000
  018_XY_002 = 0   5553.10937500   5554.83007812  -31318.26562500  1646441.25000000
  018_XY_003 = 0   5554.94921875   5556.57470703  -59701.41406250  1696900.25000000
019_ACTN = 5  019_RCMB = 0
 019_CORD =  5525.46840833  5558.29895427  5525.47578072  5556.57866425
 019_SPEC = 9  019_ORDR = 106  019_FTYP = 2  019_FORD = 5  019_REJL =  1.40  019_REJU =  3.00  019_NXYP = 3
  019_XY_001 = 0   5554.94921875   5556.57470703  -59701.41406250  1696900.25000000
  019_XY_002 = 0   5553.10937500   5554.83007812  -31318.26562500  1646441.25000000
  019_XY_003 = 0   5542.11621094   5544.12353516  -40779.31640625  1649595.00000000
020_ACTN = 5  020_RCMB = 0
 020_CORD =  5525.47578072  5558.29895427  5525.48315312  5556.57866425
 020_SPEC = 7  020_ORDR = 105  020_FTYP = 2  020_FORD = 5  020_REJL =  1.40  020_REJU =  3.00  020_NXYP = 3
  020_XY_001 = 0   5542.11621094   5544.12353516  -40779.31640625  1649595.00000000
  020_XY_002 = 0   5553.10937500   5554.83007812  -31318.26562500  1646441.25000000
  020_XY_003 = 0   5554.94921875   5556.57470703  -59701.41406250  1696900.25000000
021_ACTN = 5  021_RCMB = 0
 021_CORD =  5525.47578072  5558.29895427  5525.48315312  5556.57866425
 021_SPEC = 8  021_ORDR = 105  021_FTYP = 2  021_FORD = 5  021_REJL =  1.40  021_REJU =  3.00  021_NXYP = 3
  021_XY_001 = 0   5554.94921875   5556.57470703  -59701.41406250  1696900.25000000
  021_XY_002 = 0   5553.10937500   5554.83007812  -31318.26562500  1646441.25000000
  021_XY_003 = 0   5542.11621094   5544.12353516  -40779.31640625  1649595.00000000
022_ACTN = 5  022_RCMB = 0
 022_CORD =  5525.32833476  5558.29895427  5525.33570696  5556.57866425
 022_SPEC = 10  022_ORDR = 106  022_FTYP = 2  022_FORD = 5  022_REJL =  1.40  022_REJU =  3.00  022_NXYP = 3
  022_XY_001 = 0   5542.11621094   5544.12353516  -40779.31640625  1649595.00000000
  022_XY_002 = 0   5553.10937500   5554.83007812  -31318.26562500  1646441.25000000
  022_XY_003 = 0   5554.94921875   5556.57470703  -59701.41406250  1696900.25000000
023_ACTN = 5  023_RCMB = 0
 023_CORD =  5525.32833476  5558.29895427  5525.33570696  5556.57866425
 023_SPEC = 10  023_ORDR = 105  023_FTYP = 2  023_FORD = 5  023_REJL =  1.40  023_REJU =  3.00  023_NXYP = 3
  023_XY_001 = 0   5554.94921875   5556.57470703  -59701.41406250  1696900.25000000
  023_XY_002 = 0   5553.10937500   5554.83007812  -31318.26562500  1646441.25000000
  023_XY_003 = 0   5542.11621094   5544.12353516  -40779.31640625  1649595.00000000
024_ACTN = 5  024_RCMB = 0
 024_CORD =  5525.09980129  5558.29895427  5525.10717319  5556.57866425
 024_SPEC = 16  024_ORDR = 106  024_FTYP = 2  024_FORD = 5  024_REJL =  1.40  024_REJU =  3.00  024_NXYP = 3
  024_XY_001 = 0   5542.11621094   5544.12353516  -40779.31640625  1649595.00000000
  024_XY_002 = 0   5553.10937500   5554.83007812  -31318.26562500  1646441.25000000
  024_XY_003 = 0   5554.94921875   5556.57470703  -59701.41406250  1696900.25000000
025_ACTN = 5  025_RCMB = 0
 025_CORD =  5525.09980129  5558.29895427  5525.10717319  5556.57866425
 025_SPEC = 15  025_ORDR = 106  025_FTYP = 2  025_FORD = 5  025_REJL =  1.40  025_REJU =  3.00  025_NXYP = 3
  025_XY_001 = 0   5554.94921875   5556.57470703  -59701.41406250  1696900.25000000
  025_XY_002 = 0   5553.10937500   5554.83007812  -31318.26562500  1646441.25000000
  025_XY_003 = 0   5542.11621094   5544.12353516  -40779.31640625  1649595.00000000
026_ACTN = 5  026_RCMB = 0
 026_CORD =  5525.09980129  5558.29895427  5525.10717319  5556.57866425
 026_SPEC = 17  026_ORDR = 106  026_FTYP = 2  026_FORD = 5  026_REJL =  1.40  026_REJU =  3.00  026_NXYP = 3
  026_XY_001 = 0   5542.11621094   5544.12353516  -40779.31640625  1649595.00000000
  026_XY_002 = 0   5553.10937500   5554.83007812  -31318.26562500  1646441.25000000
  026_XY_003 = 0   5554.94921875   5556.57470703  -59701.41406250  1696900.25000000
027_ACTN = 5  027_RCMB = 0
 027_CORD =  5525.09980129  5558.29895427  5525.10717319  5556.57866425
 027_SPEC = 17  027_ORDR = 105  027_FTYP = 2  027_FORD = 5  027_REJL =  1.40  027_REJU =  3.00  027_NXYP = 3
  027_XY_001 = 0   5554.94921875   5556.57470703  -59701.41406250  1696900.25000000
  027_XY_002 = 0   5553.10937500   5554.83007812  -31318.26562500  1646441.25000000
  027_XY_003 = 0   5542.11621094   5544.12353516  -40779.31640625  1649595.00000000
028_ACTN = 5  028_RCMB = 0
 028_CORD =  5525.09242941  5558.29895427  5525.09980129  5556.57866425
 028_SPEC = 14  028_ORDR = 106  028_FTYP = 2  028_FORD = 5  028_REJL =  1.40  028_REJU =  3.00  028_NXYP = 3
  028_XY_001 = 0   5542.11621094   5544.12353516  -40779.31640625  1649595.00000000
  028_XY_002 = 0   5553.10937500   5554.83007812  -31318.26562500  1646441.25000000
  028_XY_003 = 0   5554.94921875   5556.57470703  -59701.41406250  1696900.25000000
029_ACTN = 5  029_RCMB = 0
 029_CORD =  5525.09242941  5558.29895427  5525.09980129  5556.57866425
 029_SPEC = 15  029_ORDR = 105  029_FTYP = 2  029_FORD = 5  029_REJL =  1.40  029_REJU =  3.00  029_NXYP = 3
  029_XY_001 = 0   5554.94921875   5556.57470703  -59701.41406250  1696900.25000000
  029_XY_002 = 0   5553.10937500   5554.83007812  -31318.26562500  1646441.25000000
  029_XY_003 = 0   5542.11621094   5544.12353516  -40779.31640625  1649595.00000000
030_ACTN = 5  030_RCMB = 0
 030_CORD =  5525.09242941  5558.29895427  5525.09980129  5556.57866425
 030_SPEC = 16  030_ORDR = 105  030_FTYP = 2  030_FORD = 5  030_REJL =  1.40  030_REJU =  3.00  030_NXYP = 3
  030_XY_001 = 0   5542.11621094   5544.12353516  -40779.31640625  1649595.00000000
  030_XY_002 = 0   5553.10937500   5554.83007812  -31318.26562500  1646441.25000000
  030_XY_003 = 0   5554.94921875   5556.57470703  -59701.41406250  1696900.25000000
031_ACTN = 5  031_RCMB = 0
 031_CORD =  5525.08505753  5558.29895427  5525.09242941  5556.57866425
 031_SPEC = 13  031_ORDR = 106  031_FTYP = 2  031_FORD = 5  031_REJL =  1.40  031_REJU =  3.00  031_NXYP = 3
  031_XY_001 = 0   5554.94921875   5556.57470703  -59701.41406250  1696900.25000000
  031_XY_002 = 0   5553.10937500   5554.83007812  -31318.26562500  1646441.25000000
  031_XY_003 = 0   5542.11621094   5544.12353516  -40779.31640625  1649595.00000000
032_ACTN = 5  032_RCMB = 0
 032_CORD =  5525.09242941  5558.29895427  5525.09980129  5556.57866425
 032_SPEC = 12  032_ORDR = 106  032_FTYP = 2  032_FORD = 5  032_REJL =  1.40  032_REJU =  3.00  032_NXYP = 3
  032_XY_001 = 0   5542.11621094   5544.12353516  -40779.31640625  1649595.00000000
  032_XY_002 = 0   5553.10937500   5554.83007812  -31318.26562500  1646441.25000000
  032_XY_003 = 0   5554.94921875   5556.57470703  -59701.41406250  1696900.25000000
033_ACTN = 5  033_RCMB = 0
 033_CORD =  5525.08505753  5558.29895427  5525.09242941  5556.57866425
 033_SPEC = 12  033_ORDR = 105  033_FTYP = 2  033_FORD = 5  033_REJL =  1.40  033_REJU =  3.00  033_NXYP = 3
  033_XY_001 = 0   5554.94921875   5556.57470703  -59701.41406250  1696900.25000000
  033_XY_002 = 0   5553.10937500   5554.83007812  -31318.26562500  1646441.25000000
  033_XY_003 = 0   5542.11621094   5544.12353516  -40779.31640625  1649595.00000000
034_ACTN = 5  034_RCMB = 0
 034_CORD =  5525.08505753  5558.29895427  5525.09242941  5556.57866425
 034_SPEC = 14  034_ORDR = 105  034_FTYP = 2  034_FORD = 5  034_REJL =  1.40  034_REJU =  3.00  034_NXYP = 3
  034_XY_001 = 0   5542.11621094   5544.12353516  -40779.31640625  1649595.00000000
  034_XY_002 = 0   5553.10937500   5554.83007812  -31318.26562500  1646441.25000000
  034_XY_003 = 0   5554.94921875   5556.57470703  -59701.41406250  1696900.25000000
035_ACTN = 5  035_RCMB = 0
 035_CORD =  5525.08505753  5558.29895427  5525.09242941  5556.57866425
 035_SPEC = 13  035_ORDR = 105  035_FTYP = 2  035_FORD = 5  035_REJL =  1.40  035_REJU =  3.00  035_NXYP = 3
  035_XY_001 = 0   5554.94921875   5556.57470703  -59701.41406250  1696900.25000000
  035_XY_002 = 0   5553.10937500   5554.83007812  -31318.26562500  1646441.25000000
  035_XY_003 = 0   5542.11621094   5544.12353516  -40779.31640625  1649595.00000000
036_ACTN = 5  036_RCMB = 0
 036_CORD =  5525.09242941  5607.96326548  5541.56360755  5591.29472776
 036_SPEC = 11  036_ORDR = 106  036_FTYP = 2  036_FORD = 6  036_REJL =  1.40  036_REJU =  3.00  036_NXYP = 16
  036_XY_001 = 0   5605.36181641   5606.59082031  -401690.09375000  2219514.50000000
  036_XY_002 = 0   5606.88330078   5607.70312500  -449874.00000000  2325519.00000000
  036_XY_003 = 0   5590.90478516   5595.41162109  -724522.25000000  2417068.50000000
  036_XY_004 = 0   5588.79736328   5590.55322266  -483602.71875000  2455615.50000000
  036_XY_005 = 0   5587.68554688   5588.44628906  -483602.71875000  2441160.25000000
  036_XY_006 = 0   5586.04638672   5586.98291016  -252319.96875000  2335155.75000000
  036_XY_007 = 0   5584.46630859   5585.81250000  -401690.09375000  2229151.25000000
  036_XY_008 = 0   5582.18359375   5584.29052734  -324595.84375000  2470070.75000000
  036_XY_009 = 0   5579.95947266   5581.94921875  -387234.90625000  2301427.00000000
  036_XY_010 = 0   5562.28320312   5565.50244141  -348687.78125000  2291790.25000000
  036_XY_011 = 0   5560.58593750   5561.34667969  -416145.25000000  2311063.75000000
  036_XY_012 = 0   5559.70800781   5560.35156250  -208954.45312500  2286971.75000000
  036_XY_013 = 0   5558.65429688   5559.29833984  -310140.65625000  2205059.25000000
  036_XY_014 = 0   5555.49365234   5556.72265625  -228228.01562500  2412250.00000000
  036_XY_015 = 0   5553.03515625   5554.90820312  -290867.09375000  2219514.50000000
  036_XY_016 = 0   5542.09033203   5544.02148438  -180044.10937500  2325519.00000000
037_ACTN = 5  037_RCMB = 0
 037_CORD =  5525.08505753  5607.95578302  5541.56360755  5591.29472776
 037_SPEC = 11  037_ORDR = 105  037_FTYP = 2  037_FORD = 6  037_REJL =  1.40  037_REJU =  3.00  037_NXYP = 16
  037_XY_001 = 0   5542.09033203   5544.02148438  -180044.10937500  2325519.00000000
  037_XY_002 = 0   5553.03515625   5554.90820312  -290867.09375000  2219514.50000000
  037_XY_003 = 0   5555.49365234   5556.72265625  -228228.01562500  2412250.00000000
  037_XY_004 = 0   5558.65429688   5559.29833984  -310140.65625000  2205059.25000000
  037_XY_005 = 0   5559.70800781   5560.35156250  -208954.45312500  2286971.75000000
  037_XY_006 = 0   5560.58593750   5561.34667969  -416145.25000000  2311063.75000000
  037_XY_007 = 0   5562.28320312   5565.50244141  -348687.78125000  2291790.25000000
  037_XY_008 = 0   5579.95947266   5581.94921875  -387234.90625000  2301427.00000000
  037_XY_009 = 0   5582.18359375   5584.29052734  -324595.84375000  2470070.75000000
  037_XY_010 = 0   5584.46630859   5585.81250000  -401690.09375000  2229151.25000000
  037_XY_011 = 0   5586.04638672   5586.98291016  -252319.96875000  2335155.75000000
  037_XY_012 = 0   5587.68554688   5588.44628906  -483602.71875000  2441160.25000000
  037_XY_013 = 0   5588.79736328   5590.55322266  -483602.71875000  2455615.50000000
  037_XY_014 = 0   5590.90478516   5595.41162109  -724522.25000000  2417068.50000000
  037_XY_015 = 0   5606.88330078   5607.70312500  -449874.00000000  2325519.00000000
  037_XY_016 = 0   5605.36181641   5606.59082031  -401690.09375000  2219514.50000000
038_ACTN = 5  038_RCMB = 0
 038_CORD =  5526.33841843  5557.85400063  5532.89739125  5557.84658504
 038_SPEC = 1  038_ORDR = 104  038_FTYP = 2  038_FORD = 6  038_REJL =  1.40  038_REJU =  3.00  038_NXYP = 3
  038_XY_001 = 0   5542.09912109   5544.09326172  -82984.06250000  1854998.37500000
  038_XY_002 = 0   5553.15234375   5554.73828125  -33743.12500000  1767068.25000000
  038_XY_003 = 0   5554.97851562   5556.68457031  -58363.59375000  1816309.12500000
039_ACTN = 5  039_RCMB = 0
 039_CORD =  5526.33841843  5557.85400063  5532.89739125  5557.84658504
 039_SPEC = 3  039_ORDR = 104  039_FTYP = 2  039_FORD = 6  039_REJL =  1.40  039_REJU =  3.00  039_NXYP = 3
  039_XY_001 = 0   5554.97851562   5556.68457031  -58363.59375000  1816309.12500000
  039_XY_002 = 0   5553.15234375   5554.73828125  -33743.12500000  1767068.25000000
  039_XY_003 = 0   5542.09912109   5544.09326172  -82984.06250000  1854998.37500000
040_ACTN = 5  040_RCMB = 0
 040_CORD =  5526.33841843  5557.85400063  5532.89739125  5557.84658504
 040_SPEC = 2  040_ORDR = 104  040_FTYP = 2  040_FORD = 6  040_REJL =  1.40  040_REJU =  3.00  040_NXYP = 3
  040_XY_001 = 0   5542.09912109   5544.09326172  -82984.06250000  1854998.37500000
  040_XY_002 = 0   5553.15234375   5554.73828125  -33743.12500000  1767068.25000000
  040_XY_003 = 0   5554.97851562   5556.68457031  -58363.59375000  1816309.12500000
041_ACTN = 5  041_RCMB = 0
 041_CORD =  5526.33841843  5557.84658504  5532.89739125  5557.83916946
 041_SPEC = 7  041_ORDR = 104  041_FTYP = 2  041_FORD = 6  041_REJL =  1.40  041_REJU =  3.00  041_NXYP = 3
  041_XY_001 = 0   5554.97851562   5556.68457031  -58363.59375000  1816309.12500000
  041_XY_002 = 0   5553.15234375   5554.73828125  -33743.12500000  1767068.25000000
  041_XY_003 = 0   5542.09912109   5544.09326172  -82984.06250000  1854998.37500000
042_ACTN = 5  042_RCMB = 0
 042_CORD =  5526.33841843  5557.84658504  5532.89739125  5557.83916946
 042_SPEC = 6  042_ORDR = 104  042_FTYP = 2  042_FORD = 6  042_REJL =  1.40  042_REJU =  3.00  042_NXYP = 3
  042_XY_001 = 0   5542.09912109   5544.09326172  -82984.06250000  1854998.37500000
  042_XY_002 = 0   5553.15234375   5554.73828125  -33743.12500000  1767068.25000000
  042_XY_003 = 0   5554.97851562   5556.68457031  -58363.59375000  1816309.12500000
043_ACTN = 5  043_RCMB = 0
 043_CORD =  5526.33841843  5557.84658504  5532.89739125  5557.83916946
 043_SPEC = 4  043_ORDR = 104  043_FTYP = 2  043_FORD = 6  043_REJL =  1.40  043_REJU =  3.00  043_NXYP = 3
  043_XY_001 = 0   5554.97851562   5556.68457031  -58363.59375000  1816309.12500000
  043_XY_002 = 0   5553.15234375   5554.73828125  -33743.12500000  1767068.25000000
  043_XY_003 = 0   5542.09912109   5544.09326172  -82984.06250000  1854998.37500000
044_ACTN = 5  044_RCMB = 0
 044_CORD =  5526.33841843  5557.84658504  5532.89739125  5557.83916946
 044_SPEC = 4  044_ORDR = 103  044_FTYP = 2  044_FORD = 6  044_REJL =  1.40  044_REJU =  3.00  044_NXYP = 3
  044_XY_001 = 0   5542.09912109   5544.09326172  -82984.06250000  1854998.37500000
  044_XY_002 = 0   5553.15234375   5554.73828125  -33743.12500000  1767068.25000000
  044_XY_003 = 0   5554.97851562   5556.68457031  -58363.59375000  1816309.12500000
045_ACTN = 5  045_RCMB = 0
 045_CORD =  5526.33841843  5557.84658504  5532.89739125  5557.83916946
 045_SPEC = 3  045_ORDR = 103  045_FTYP = 2  045_FORD = 6  045_REJL =  1.40  045_REJU =  3.00  045_NXYP = 3
  045_XY_001 = 0   5554.97851562   5556.68457031  -58363.59375000  1816309.12500000
  045_XY_002 = 0   5553.15234375   5554.73828125  -33743.12500000  1767068.25000000
  045_XY_003 = 0   5542.09912109   5544.09326172  -82984.06250000  1854998.37500000
046_ACTN = 5  046_RCMB = 0
 046_CORD =  5526.33841843  5557.84658504  5532.89739125  5557.83916946
 046_SPEC = 2  046_ORDR = 103  046_FTYP = 2  046_FORD = 6  046_REJL =  1.40  046_REJU =  3.00  046_NXYP = 3
  046_XY_001 = 0   5542.09912109   5544.09326172  -82984.06250000  1854998.37500000
  046_XY_002 = 0   5553.15234375   5554.73828125  -33743.12500000  1767068.25000000
  046_XY_003 = 0   5554.97851562   5556.68457031  -58363.59375000  1816309.12500000
047_ACTN = 5  047_RCMB = 0
 047_CORD =  5526.33841843  5557.84658504  5532.89739125  5557.83916946
 047_SPEC = 1  047_ORDR = 103  047_FTYP = 2  047_FORD = 6  047_REJL =  1.40  047_REJU =  3.00  047_NXYP = 3
  047_XY_001 = 0   5554.97851562   5556.68457031  -58363.59375000  1816309.12500000
  047_XY_002 = 0   5553.15234375   5554.73828125  -33743.12500000  1767068.25000000
  047_XY_003 = 0   5542.09912109   5544.09326172  -82984.06250000  1854998.37500000
048_ACTN = 5  048_RCMB = 0
 048_CORD =  5526.33841843  5557.84658504  5532.89739125  5557.83916946
 048_SPEC = 5  048_ORDR = 104  048_FTYP = 2  048_FORD = 6  048_REJL =  1.40  048_REJU =  3.00  048_NXYP = 3
  048_XY_001 = 0   5542.09912109   5544.09326172  -82984.06250000  1854998.37500000
  048_XY_002 = 0   5553.15234375   5554.73828125  -33743.12500000  1767068.25000000
  048_XY_003 = 0   5554.97851562   5556.68457031  -58363.59375000  1816309.12500000
049_ACTN = 5  049_RCMB = 0
 049_CORD =  5526.33841843  5557.83916946  5532.89739125  5557.83175388
 049_SPEC = 7  049_ORDR = 103  049_FTYP = 2  049_FORD = 6  049_REJL =  1.40  049_REJU =  3.00  049_NXYP = 3
  049_XY_001 = 0   5554.97851562   5556.68457031  -58363.59375000  1816309.12500000
  049_XY_002 = 0   5553.15234375   5554.73828125  -33743.12500000  1767068.25000000
  049_XY_003 = 0   5542.09912109   5544.09326172  -82984.06250000  1854998.37500000
050_ACTN = 5  050_RCMB = 0
 050_CORD =  5526.33841843  5557.83916946  5532.89739125  5557.83175388
 050_SPEC = 8  050_ORDR = 104  050_FTYP = 2  050_FORD = 6  050_REJL =  1.40  050_REJU =  3.00  050_NXYP = 3
  050_XY_001 = 0   5542.09912109   5544.09326172  -82984.06250000  1854998.37500000
  050_XY_002 = 0   5553.15234375   5554.73828125  -33743.12500000  1767068.25000000
  050_XY_003 = 0   5554.97851562   5556.68457031  -58363.59375000  1816309.12500000
051_ACTN = 5  051_RCMB = 0
 051_CORD =  5526.33841843  5557.83916946  5532.89739125  5557.83175388
 051_SPEC = 5  051_ORDR = 103  051_FTYP = 2  051_FORD = 6  051_REJL =  1.40  051_REJU =  3.00  051_NXYP = 3
  051_XY_001 = 0   5554.97851562   5556.68457031  -58363.59375000  1816309.12500000
  051_XY_002 = 0   5553.15234375   5554.73828125  -33743.12500000  1767068.25000000
  051_XY_003 = 0   5542.09912109   5544.09326172  -82984.06250000  1854998.37500000
052_ACTN = 5  052_RCMB = 0
 052_CORD =  5526.33841843  5557.83916946  5532.89739125  5557.83175388
 052_SPEC = 9  052_ORDR = 104  052_FTYP = 2  052_FORD = 6  052_REJL =  1.40  052_REJU =  3.00  052_NXYP = 3
  052_XY_001 = 0   5542.09912109   5544.09326172  -82984.06250000  1854998.37500000
  052_XY_002 = 0   5553.15234375   5554.73828125  -33743.12500000  1767068.25000000
  052_XY_003 = 0   5554.97851562   5556.68457031  -58363.59375000  1816309.12500000
053_ACTN = 5  053_RCMB = 0
 053_CORD =  5526.33841843  5557.83916946  5532.89739125  5557.83175388
 053_SPEC = 6  053_ORDR = 103  053_FTYP = 2  053_FORD = 6  053_REJL =  1.40  053_REJU =  3.00  053_NXYP = 3
  053_XY_001 = 0   5554.97851562   5556.68457031  -58363.59375000  1816309.12500000
  053_XY_002 = 0   5553.15234375   5554.73828125  -33743.12500000  1767068.25000000
  053_XY_003 = 0   5542.09912109   5544.09326172  -82984.06250000  1854998.37500000
054_ACTN = 5  054_RCMB = 0
 054_CORD =  5526.33841843  5557.83916946  5532.89739125  5557.83175388
 054_SPEC = 8  054_ORDR = 103  054_FTYP = 2  054_FORD = 6  054_REJL =  1.40  054_REJU =  3.00  054_NXYP = 3
  054_XY_001 = 0   5542.09912109   5544.09326172  -82984.06250000  1854998.37500000
  054_XY_002 = 0   5553.15234375   5554.73828125  -33743.12500000  1767068.25000000
  054_XY_003 = 0   5554.97851562   5556.68457031  -58363.59375000  1816309.12500000
055_ACTN = 5  055_RCMB = 0
 055_CORD =  5526.33841843  5557.83175388  5532.89739125  5557.82433832
 055_SPEC = 9  055_ORDR = 103  055_FTYP = 2  055_FORD = 6  055_REJL =  1.40  055_REJU =  3.00  055_NXYP = 3
  055_XY_001 = 0   5554.97851562   5556.68457031  -58363.59375000  1816309.12500000
  055_XY_002 = 0   5553.15234375   5554.73828125  -33743.12500000  1767068.25000000
  055_XY_003 = 0   5542.09912109   5544.09326172  -82984.06250000  1854998.37500000
056_ACTN = 5  056_RCMB = 0
 056_CORD =  5526.33841843  5557.69827527  5532.89739125  5557.69085989
 056_SPEC = 10  056_ORDR = 104  056_FTYP = 2  056_FORD = 6  056_REJL =  1.40  056_REJU =  3.00  056_NXYP = 3
  056_XY_001 = 0   5542.09912109   5544.09326172  -82984.06250000  1854998.37500000
  056_XY_002 = 0   5553.15234375   5554.73828125  -33743.12500000  1767068.25000000
  056_XY_003 = 0   5554.97851562   5556.68457031  -58363.59375000  1816309.12500000
057_ACTN = 5  057_RCMB = 0
 057_CORD =  5526.33841843  5557.68344451  5532.89739125  5557.67602915
 057_SPEC = 10  057_ORDR = 103  057_FTYP = 2  057_FORD = 6  057_REJL =  1.40  057_REJU =  3.00  057_NXYP = 3
  057_XY_001 = 0   5554.97851562   5556.68457031  -58363.59375000  1816309.12500000
  057_XY_002 = 0   5553.15234375   5554.73828125  -33743.12500000  1767068.25000000
  057_XY_003 = 0   5542.09912109   5544.09326172  -82984.06250000  1854998.37500000
058_ACTN = 5  058_RCMB = 0
 058_CORD =  5526.33841843  5557.46840295  5532.89739125  5557.46098787
 058_SPEC = 17  058_ORDR = 104  058_FTYP = 2  058_FORD = 6  058_REJL =  1.40  058_REJU =  3.00  058_NXYP = 3
  058_XY_001 = 0   5542.09912109   5544.09326172  -82984.06250000  1854998.37500000
  058_XY_002 = 0   5553.15234375   5554.73828125  -33743.12500000  1767068.25000000
  058_XY_003 = 0   5554.97851562   5556.68457031  -58363.59375000  1816309.12500000
059_ACTN = 5  059_RCMB = 0
 059_CORD =  5526.33841843  5557.46098787  5532.89739125  5557.45357281
 059_SPEC = 15  059_ORDR = 104  059_FTYP = 2  059_FORD = 6  059_REJL =  1.40  059_REJU =  3.00  059_NXYP = 3
  059_XY_001 = 0   5554.97851562   5556.68457031  -58363.59375000  1816309.12500000
  059_XY_002 = 0   5553.15234375   5554.73828125  -33743.12500000  1767068.25000000
  059_XY_003 = 0   5542.09912109   5544.09326172  -82984.06250000  1854998.37500000
060_ACTN = 5  060_RCMB = 0
 060_CORD =  5526.33841843  5557.46098787  5532.89739125  5557.45357281
 060_SPEC = 16  060_ORDR = 104  060_FTYP = 2  060_FORD = 6  060_REJL =  1.40  060_REJU =  3.00  060_NXYP = 3
  060_XY_001 = 0   5542.09912109   5544.09326172  -82984.06250000  1854998.37500000
  060_XY_002 = 0   5553.15234375   5554.73828125  -33743.12500000  1767068.25000000
  060_XY_003 = 0   5554.97851562   5556.68457031  -58363.59375000  1816309.12500000
061_ACTN = 5  061_RCMB = 0
 061_CORD =  5526.33841843  5557.45357281  5532.89739125  5557.44615775
 061_SPEC = 14  061_ORDR = 104  061_FTYP = 2  061_FORD = 6  061_REJL =  1.40  061_REJU =  3.00  061_NXYP = 3
  061_XY_001 = 0   5554.97851562   5556.68457031  -58363.59375000  1816309.12500000
  061_XY_002 = 0   5553.15234375   5554.73828125  -33743.12500000  1767068.25000000
  061_XY_003 = 0   5542.09912109   5544.09326172  -82984.06250000  1854998.37500000
062_ACTN = 5  062_RCMB = 0
 062_CORD =  5526.33841843  5557.45357281  5532.89739125  5557.44615775
 062_SPEC = 17  062_ORDR = 103  062_FTYP = 2  062_FORD = 6  062_REJL =  1.40  062_REJU =  3.00  062_NXYP = 3
  062_XY_001 = 0   5542.09912109   5544.09326172  -82984.06250000  1854998.37500000
  062_XY_002 = 0   5553.15234375   5554.73828125  -33743.12500000  1767068.25000000
  062_XY_003 = 0   5554.97851562   5556.68457031  -58363.59375000  1816309.12500000
063_ACTN = 5  063_RCMB = 0
 063_CORD =  5526.33841843  5557.45357281  5532.89739125  5557.44615775
 063_SPEC = 11  063_ORDR = 104  063_FTYP = 2  063_FORD = 5  063_REJL =  1.40  063_REJU =  3.00  063_NXYP = 3
  063_XY_001 = 0   5554.97851562   5556.68457031  -58363.59375000  1816309.12500000
  063_XY_002 = 0   5553.15234375   5554.73828125  -33743.12500000  1767068.25000000
  063_XY_003 = 0   5542.09912109   5544.09326172  -82984.06250000  1854998.37500000
064_ACTN = 5  064_RCMB = 0
 064_CORD =  5526.33841843  5557.45357281  5532.89739125  5557.44615775
 064_SPEC = 13  064_ORDR = 104  064_FTYP = 2  064_FORD = 5  064_REJL =  1.40  064_REJU =  3.00  064_NXYP = 3
  064_XY_001 = 0   5542.09912109   5544.09326172  -82984.06250000  1854998.37500000
  064_XY_002 = 0   5553.15234375   5554.73828125  -33743.12500000  1767068.25000000
  064_XY_003 = 0   5554.97851562   5556.68457031  -58363.59375000  1816309.12500000
065_ACTN = 5  065_RCMB = 0
 065_CORD =  5526.33841843  5557.45357281  5532.89739125  5557.44615775
 065_SPEC = 12  065_ORDR = 104  065_FTYP = 2  065_FORD = 5  065_REJL =  1.40  065_REJU =  3.00  065_NXYP = 3
  065_XY_001 = 0   5554.97851562   5556.68457031  -58363.59375000  1816309.12500000
  065_XY_002 = 0   5553.15234375   5554.73828125  -33743.12500000  1767068.25000000
  065_XY_003 = 0   5542.09912109   5544.09326172  -82984.06250000  1854998.37500000
066_ACTN = 5  066_RCMB = 0
 066_CORD =  5526.33841843  5557.45357281  5532.89739125  5557.44615775
 066_SPEC = 15  066_ORDR = 103  066_FTYP = 2  066_FORD = 5  066_REJL =  1.40  066_REJU =  3.00  066_NXYP = 3
  066_XY_001 = 0   5542.09912109   5544.09326172  -82984.06250000  1854998.37500000
  066_XY_002 = 0   5553.15234375   5554.73828125  -33743.12500000  1767068.25000000
  066_XY_003 = 0   5554.97851562   5556.68457031  -58363.59375000  1816309.12500000
067_ACTN = 5  067_RCMB = 0
 067_CORD =  5526.33841843  5557.45357281  5532.89739125  5557.44615775
 067_SPEC = 16  067_ORDR = 103  067_FTYP = 2  067_FORD = 5  067_REJL =  1.40  067_REJU =  3.00  067_NXYP = 3
  067_XY_001 = 0   5554.97851562   5556.68457031  -58363.59375000  1816309.12500000
  067_XY_002 = 0   5553.15234375   5554.73828125  -33743.12500000  1767068.25000000
  067_XY_003 = 0   5542.09912109   5544.09326172  -82984.06250000  1854998.37500000
068_ACTN = 5  068_RCMB = 0
 068_CORD =  5526.33841843  5557.44615775  5532.89739125  5557.43874270
 068_SPEC = 11  068_ORDR = 103  068_FTYP = 2  068_FORD = 5  068_REJL =  1.40  068_REJU =  3.00  068_NXYP = 3
  068_XY_001 = 0   5542.09912109   5544.09326172  -82984.06250000  1854998.37500000
  068_XY_002 = 0   5553.15234375   5554.73828125  -33743.12500000  1767068.25000000
  068_XY_003 = 0   5554.97851562   5556.68457031  -58363.59375000  1816309.12500000
069_ACTN = 5  069_RCMB = 0
 069_CORD =  5526.33841843  5557.44615775  5532.89739125  5557.43874270
 069_SPEC = 14  069_ORDR = 103  069_FTYP = 2  069_FORD = 5  069_REJL =  1.40  069_REJU =  3.00  069_NXYP = 3
  069_XY_001 = 0   5554.97851562   5556.68457031  -58363.59375000  1816309.12500000
  069_XY_002 = 0   5553.15234375   5554.73828125  -33743.12500000  1767068.25000000
  069_XY_003 = 0   5542.09912109   5544.09326172  -82984.06250000  1854998.37500000
070_ACTN = 5  070_RCMB = 0
 070_CORD =  5526.33841843  5557.44615775  5532.89739125  5557.43874270
